\begin{tabular}{llllllllll}
    \toprule
    {}                                     & cbc      & fa       & fm      & los      & l       & mc       & afdf     & afa      & afna     \\
    \midrule
    child\_bearing\_cost (cbc)             & 1.0***   & -0.84*** & 0.0     & 0.0      & 0.0     & 0.0      & 0.55***  & 0.45***  & -0.5***  \\
    final\_agents (fa)                     & -0.84*** & 1.0***   & 0.2***  & 0.0      & 0.02    & 0.0      & -0.61*** & -0.52*** & 0.62***  \\
    finding\_max (fm)                      & 0.0      & 0.2***   & 1.0***  & 0.0      & -0.0    & 0.0      & 0.31***  & -0.02    & 0.29***  \\
    level\_of\_sacrifice (los)             & 0.0      & 0.0      & 0.0     & 1.0***   & -0.0    & 0.0      & -0.0     & -0.15*** & -0.01    \\
    lifeexpectancy (l)                     & 0.0      & 0.02     & -0.0    & -0.0     & 1.0***  & -0.0     & 0.14***  & -0.02    & 0.03     \\
    mutation\_chance (mc)                  & 0.0      & 0.0      & 0.0     & 0.0      & -0.0    & 1.0***   & -0.0     & -0.38*** & 0.45***  \\
    avg\_food\_distribution\_factor (afdf) & 0.55***  & -0.61*** & 0.31*** & -0.0     & 0.14*** & -0.0     & 1.0***   & 0.41***  & -0.32*** \\
    avg\_fitness\_alt (afa)                & 0.45***  & -0.52*** & -0.02   & -0.15*** & -0.02   & -0.38*** & 0.41***  & 1.0***   & -0.77*** \\
    avg\_fitness\_non\_alt (afna)          & -0.5***  & 0.62***  & 0.29*** & -0.01    & 0.03    & 0.45***  & -0.32*** & -0.77*** & 1.0***   \\
    \bottomrule
\end{tabular}
