\begin{tabular}{lllllllllll}
    \toprule
    {}                                     & afg      & cbc      & fa       & fm       & los      & l       & mc       & afdf     & afa      & afna          \\
    \midrule
    allow\_fake\_greenbeards (afg)         & 1.0***   & -0.0     & -0.17*** & -0.0     & 0.0      & -0.0    & 0.0      & 0.41***  & -0.26*** & -0.26***     \\
    child\_bearing\_cost (cbc)             & -0.0     & 1.0***   & -0.73*** & -0.0     & 0.0      & 0.0     & 0.0      & 0.53***  & 0.32***  & 0.1***       \\
    final\_agents (fa)                     & -0.17*** & -0.73*** & 1.0***   & 0.35***  & 0.0      & 0.07*** & -0.0     & -0.6***  & -0.32*** & 0.22***      \\
    finding\_max (fm)                      & -0.0     & -0.0     & 0.35***  & 1.0***   & 0.0      & 0.0     & 0.0      & -0.18*** & -0.01    & 0.25***      \\
    level\_of\_sacrifice (los)             & 0.0      & 0.0      & 0.0      & 0.0      & 1.0***   & 0.0     & -0.0     & -0.03**  & -0.09*** & 0.01         \\
    lifeexpectancy (l)                     & -0.0     & 0.0      & 0.07***  & 0.0      & 0.0      & 1.0***  & 0.0      & 0.08***  & -0.01    & 0.1***       \\
    mutation\_chance (mc)                  & 0.0      & 0.0      & -0.0     & 0.0      & -0.0     & 0.0     & 1.0***   & 0.02*    & -0.26*** & 0.27***      \\
    avg\_food\_distribution\_factor (afdf) & 0.41***  & 0.53***  & -0.6***  & -0.18*** & -0.03**  & 0.08*** & 0.02*    & 1.0***   & -0.04**  & -0.05***      \\
    avg\_fitness\_alt (afa)                & -0.26*** & 0.32***  & -0.32*** & -0.01    & -0.09*** & -0.01   & -0.26*** & -0.04**  & 1.0***   & 0.07***      \\
    avg\_fitness\_non\_alt (afna)          & -0.26*** & 0.1***   & 0.22***  & 0.25***  & 0.01     & 0.1***  & 0.27***  & -0.05*** & 0.07***  & 1.0***       \\
    \bottomrule
\end{tabular}
